8
1 128 -1 -1 79 80
2 128 -1 -1 81 82
3 128 -1 -1 83 84
4 128 -1 -1 85 86
5 128 -1 -1 87 88
6 128 -1 -1 89 90
7 128 -1 -1 91 92
8 128 -1 -1 93 94
9 128 -1 -1 95 96
10 128 -1 -1 97 98
11 128 -1 -1 99 100
12 128 -1 -1 101 102
13 128 -1 -1 103 104
14 128 -1 -1 105 106
15 128 -1 -1 107 108
16 128 -1 -1 109 110
17 128 -1 -1 111 112
18 128 -1 -1 113 114
19 128 -1 -1 115 116
20 128 -1 -1 117 118
21 128 -1 -1 119 120
22 128 -1 -1 121 122
23 128 -1 -1 123 124
24 128 -1 -1 125 126
25 128 -1 -1 127 128
26 128 -1 -1 129 130
27 128 -1 -1 131 132
28 128 -1 -1 133 134
29 128 -1 -1 135 136
30 128 -1 -1 137 138
31 128 -1 -1 139 140
32 128 -1 -1 141 142
33 128 -1 -1 143 144
34 128 -1 -1 145 146
35 128 -1 -1 147 148
36 128 -1 -1 149 150
37 128 -1 -1 151 152
38 128 -1 -1 153 154
39 128 -1 -1 155 156
40 128 -1 -1 157 158
41 128 -1 -1 159 160
42 128 -1 -1 162 163
43 128 -1 -1 164 165
44 128 -1 -1 166 167
45 128 -1 -1 168 169
46 128 -1 -1 170 171
47 128 -1 -1 172 173
48 128 -1 -1 174 175
49 128 -1 -1 176 177
50 128 -1 -1 178 179
51 128 -1 -1 180 181
52 128 -1 -1 182 183
53 128 -1 -1 184 185
54 128 -1 -1 186 187
55 128 -1 -1 188 189
56 128 -1 -1 190 191
57 128 -1 -1 192 193
58 128 -1 -1 194 195
59 128 -1 -1 196 197
60 128 -1 -1 198 199
61 128 -1 -1 200 201
62 128 -1 -1 202 203
63 128 -1 -1 204 367
64 128 -1 -1 368 369
65 128 -1 -1 370 371
66 128 -1 -1 372 373
67 128 -1 -1 374 375
68 128 -1 -1 376 377
69 128 -1 -1 378 379
70 128 -1 -1 380 381
71 128 -1 -1 407 408
72 128 -1 -1 409 410
73 128 -1 -1 411 412
74 128 -1 -1 413 414
75 128 -1 -1 415 416
76 128 -1 -1 417 418
77 128 -1 -1 419 420
78 128 -1 -1 421 669
79 64 -1 1 205 206
80 64 -1 1 207 208
81 64 -1 2 209 210
82 64 -1 2 211 212
83 64 -1 3 213 214
84 64 -1 3 215 216
85 64 -1 4 217 218
86 64 -1 4 219 220
87 64 -1 5 221 222
88 64 -1 5 223 224
89 64 -1 6 225 226
90 64 -1 6 227 228
91 64 -1 7 229 230
92 64 -1 7 231 232
93 64 -1 8 233 234
94 64 -1 8 235 236
95 64 -1 9 237 238
96 64 -1 9 239 240
97 64 -1 10 241 242
98 64 -1 10 243 244
99 64 -1 11 245 246
100 64 -1 11 247 248
101 64 -1 12 249 250
102 64 -1 12 251 252
103 64 -1 13 253 254
104 64 -1 13 255 256
105 64 -1 14 257 258
106 64 -1 14 259 260
107 64 -1 15 261 262
108 64 -1 15 263 264
109 64 -1 16 265 266
110 64 -1 16 267 268
111 64 -1 17 269 270
112 64 -1 17 271 272
113 64 -1 18 273 274
114 64 -1 18 275 276
115 64 -1 19 277 278
116 64 -1 19 279 280
117 64 -1 20 281 282
118 64 -1 20 283 284
119 64 -1 21 285 286
120 64 -1 21 287 288
121 64 -1 22 289 290
122 64 -1 22 291 292
123 64 -1 23 293 294
124 64 -1 23 295 296
125 64 -1 24 297 298
126 64 -1 24 299 300
127 64 -1 25 301 302
128 64 -1 25 303 304
129 64 -1 26 305 306
130 64 -1 26 307 308
131 64 -1 27 309 310
132 64 -1 27 311 312
133 64 -1 28 313 314
134 64 -1 28 315 316
135 64 -1 29 317 318
136 64 -1 29 319 320
137 64 -1 30 321 322
138 64 -1 30 323 324
139 64 -1 31 325 326
140 64 -1 31 327 328
141 64 -1 32 329 330
142 64 -1 32 331 332
143 64 -1 33 333 334
144 64 -1 33 335 336
145 64 -1 34 337 338
146 64 -1 34 339 340
147 64 -1 35 341 342
148 64 -1 35 343 344
149 64 -1 36 345 346
150 64 -1 36 347 348
151 64 -1 37 349 350
152 64 -1 37 351 352
153 64 -1 38 353 354
154 64 -1 38 355 356
155 64 -1 39 357 358
156 64 -1 39 359 360
157 64 -1 40 361 362
158 64 -1 40 363 364
159 64 -1 41 365 366
160 64 -1 41 405 406
161 128 -1 -1 684 685
162 192 42 -1 382 383
163 192 42 -1 384 407
164 192 43 -1 408 409
165 192 43 -1 422 423
166 192 44 -1 424 425
167 192 44 -1 426 427
168 192 45 -1 428 429
169 192 45 -1 430 431
170 192 46 -1 432 433
171 192 46 -1 434 435
172 192 47 -1 436 437
173 192 47 -1 438 439
174 192 48 -1 440 441
175 192 48 -1 442 443
176 192 49 -1 444 445
177 192 49 -1 446 447
178 192 50 -1 448 449
179 192 50 -1 450 451
180 192 51 -1 452 453
181 192 51 -1 454 455
182 192 52 -1 456 457
183 192 52 -1 458 459
184 192 53 -1 460 461
185 192 53 -1 462 463
186 192 54 -1 464 465
187 192 54 -1 466 671
188 192 55 -1 719 720
189 192 55 -1 721 722
190 192 56 -1 726 727
191 192 56 -1 728 729
192 192 57 -1 730 731
193 192 57 -1 732 733
194 192 58 -1 734 735
195 192 58 -1 736 737
196 192 59 -1 738 739
197 192 59 -1 740 741
198 192 60 -1 742 743
199 192 60 -1 744 745
200 192 61 -1 746 747
201 192 61 -1 748 749
202 192 62 -1 750 751
203 192 62 -1 752 753
204 192 63 -1 754 755
205 32 -1 79 467 468
206 32 -1 79 469 470
207 32 -1 80 471 472
208 32 -1 80 473 474
209 32 -1 81 475 476
210 32 -1 81 477 478
211 32 -1 82 479 480
212 32 -1 82 481 482
213 32 -1 83 483 484
214 32 -1 83 485 486
215 32 -1 84 487 488
216 32 -1 84 489 490
217 32 -1 85 491 492
218 32 -1 85 493 494
219 32 -1 86 495 496
220 32 -1 86 497 498
221 32 -1 87 499 500
222 32 -1 87 501 502
223 32 -1 88 503 504
224 32 -1 88 505 506
225 32 -1 89 507 508
226 32 -1 89 509 510
227 32 -1 90 511 512
228 32 -1 90 513 514
229 32 -1 91 515 516
230 32 -1 91 517 518
231 32 -1 92 519 520
232 32 -1 92 521 522
233 32 -1 93 523 524
234 32 -1 93 525 526
235 32 -1 94 527 528
236 32 -1 94 529 530
237 32 -1 95 531 532
238 32 -1 95 533 534
239 32 -1 96 535 536
240 32 -1 96 537 538
241 32 -1 97 539 540
242 32 -1 97 541 542
243 32 -1 98 543 544
244 32 -1 98 545 546
245 32 -1 99 547 548
246 32 -1 99 549 550
247 32 -1 100 551 552
248 32 -1 100 553 554
249 32 -1 101 555 556
250 32 -1 101 557 558
251 32 -1 102 559 560
252 32 -1 102 561 562
253 32 -1 103 563 564
254 32 -1 103 565 566
255 32 -1 104 567 568
256 32 -1 104 569 570
257 32 -1 105 571 572
258 32 -1 105 573 574
259 32 -1 106 575 576
260 32 -1 106 577 578
261 32 -1 107 579 580
262 32 -1 107 581 582
263 32 -1 108 583 584
264 32 -1 108 585 586
265 32 -1 109 587 588
266 32 -1 109 589 590
267 32 -1 110 591 592
268 32 -1 110 593 594
269 32 -1 111 595 596
270 32 -1 111 597 598
271 32 -1 112 599 600
272 32 -1 112 601 602
273 32 -1 113 603 604
274 32 -1 113 605 606
275 32 -1 114 607 608
276 32 -1 114 609 610
277 32 -1 115 611 612
278 32 -1 115 613 614
279 32 -1 116 615 616
280 32 -1 116 617 618
281 32 -1 117 619 620
282 32 -1 117 621 622
283 32 -1 118 623 624
284 32 -1 118 625 626
285 32 -1 119 627 628
286 32 -1 119 629 630
287 32 -1 120 631 632
288 32 -1 120 633 634
289 32 -1 121 635 636
290 32 -1 121 637 638
291 32 -1 122 639 640
292 32 -1 122 641 642
293 32 -1 123 643 644
294 32 -1 123 645 646
295 32 -1 124 647 648
296 32 -1 124 649 650
297 32 -1 125 651 652
298 32 -1 125 653 654
299 32 -1 126 655 656
300 32 -1 126 657 658
301 32 -1 127 659 660
302 32 -1 127 661 662
303 32 -1 128 663 664
304 32 -1 128 678 679
305 32 -1 129 680 681
306 32 -1 129 682 683
307 32 -1 130 684 685
308 32 -1 130 686 687
309 32 -1 131 688 689
310 32 -1 131 690 691
311 32 -1 132 692 693
312 32 -1 132 694 695
313 32 -1 133 696 697
314 32 -1 133 698 699
315 32 -1 134 700 701
316 32 -1 134 702 703
317 32 -1 135 704 705
318 32 -1 135 706 707
319 32 -1 136 708 847
320 32 -1 136 848 849
321 32 -1 137 850 851
322 32 -1 137 852 853
323 32 -1 138 854 855
324 32 -1 138 856 857
325 32 -1 139 858 859
326 32 -1 139 860 861
327 32 -1 140 862 863
328 32 -1 140 864 865
329 32 -1 141 866 867
330 32 -1 141 868 869
331 32 -1 142 870 871
332 32 -1 142 872 873
333 32 -1 143 874 875
334 32 -1 143 876 877
335 32 -1 144 878 879
336 32 -1 144 880 881
337 32 -1 145 882 883
338 32 -1 145 884 885
339 32 -1 146 886 887
340 32 -1 146 888 889
341 32 -1 147 890 891
342 32 -1 147 892 893
343 32 -1 148 894 895
344 32 -1 148 896 897
345 32 -1 149 898 899
346 32 -1 149 900 901
347 32 -1 150 902 903
348 32 -1 150 904 905
349 32 -1 151 906 907
350 32 -1 151 908 909
351 32 -1 152 910 911
352 32 -1 152 966 967
353 32 -1 153 968 969
354 32 -1 153 970 971
355 32 -1 154 972 973
356 32 -1 154 974 975
357 32 -1 155 976 977
358 32 -1 155 978 979
359 32 -1 156 980 981
360 32 -1 156 982 983
361 32 -1 157 984 985
362 32 -1 157 986 987
363 32 -1 158 988 989
364 32 -1 158 990 1328
365 32 -1 159 1365 1366
366 32 -1 159 1367 1368
367 64 -1 63 678 679
368 64 -1 64 680 681
369 64 -1 64 709 710
370 64 -1 65 711 712
371 64 -1 65 713 714
372 64 -1 66 916 917
373 64 -1 66 918 919
374 64 -1 67 920 921
375 64 -1 67 922 923
376 64 -1 68 968 969
377 64 -1 68 970 1000
378 64 -1 69 1001 1002
379 64 -1 69 1003 1004
380 64 -1 70 1005 1006
381 64 -1 70 1007 1008
382 96 -1 162 665 666
383 96 -1 162 667 668
384 96 -1 163 682 683
385 128 -1 -1 686 687
386 128 -1 -1 688 689
387 128 -1 -1 690 691
388 128 -1 -1 692 693
389 128 -1 -1 694 695
390 128 -1 -1 696 697
391 128 -1 -1 698 699
392 128 -1 -1 700 701
393 128 -1 -1 702 703
394 128 -1 -1 704 705
395 128 -1 -1 706 709
396 128 -1 -1 715 716
397 128 -1 -1 717 718
398 128 -1 -1 719 720
399 128 -1 -1 721 722
400 128 -1 -1 723 724
401 128 -1 -1 725 940
402 128 -1 -1 941 942
403 128 -1 -1 943 944
404 128 -1 -1 981 1000
405 160 160 -1 670 707
406 160 160 -1 708 710
407 160 71 163 711 715
408 160 71 164 716 717
409 160 72 164 718 726
410 192 72 -1 982 983
411 192 73 -1 984 985
412 192 73 -1 986 987
413 192 74 -1 988 989
414 192 74 -1 990 1054
415 192 75 -1 1055 1056
416 192 75 -1 1057 1058
417 192 76 -1 1059 1060
418 192 76 -1 1061 1062
419 192 77 -1 1063 1064
420 192 77 -1 1459 1460
421 192 78 -1 1510 1511
422 224 165 -1 723 724
423 224 165 -1 725 727
424 224 166 -1 728 756
425 224 166 -1 757 758
426 224 167 -1 759 760
427 224 167 -1 761 762
428 224 168 -1 763 764
429 224 168 -1 765 766
430 224 169 -1 767 768
431 224 169 -1 769 770
432 224 170 -1 771 772
433 224 170 -1 773 774
434 224 171 -1 775 776
435 224 171 -1 777 778
436 224 172 -1 779 780
437 224 172 -1 781 782
438 224 173 -1 783 784
439 224 173 -1 785 786
440 224 174 -1 787 788
441 224 174 -1 789 790
442 224 175 -1 791 792
443 224 175 -1 793 794
444 224 176 -1 795 796
445 224 176 -1 797 798
446 224 177 -1 799 800
447 224 177 -1 801 802
448 224 178 -1 803 804
449 224 178 -1 805 806
450 224 179 -1 807 808
451 224 179 -1 809 810
452 224 180 -1 811 812
453 224 180 -1 813 814
454 224 181 -1 815 816
455 224 181 -1 817 818
456 224 182 -1 819 820
457 224 182 -1 821 822
458 224 183 -1 823 824
459 224 183 -1 825 826
460 224 184 -1 827 828
461 224 184 -1 829 830
462 224 185 -1 831 832
463 224 185 -1 833 834
464 224 186 -1 835 836
465 224 186 -1 837 838
466 224 187 -1 839 840
467 16 -1 205 841 842
468 16 -1 205 843 844
469 16 -1 206 845 847
470 16 -1 206 848 849
471 16 -1 207 850 851
472 16 -1 207 852 853
473 16 -1 208 854 855
474 16 -1 208 856 857
475 16 -1 209 858 859
476 16 -1 209 860 861
477 16 -1 210 862 863
478 16 -1 210 864 865
479 16 -1 211 866 867
480 16 -1 211 868 869
481 16 -1 212 870 871
482 16 -1 212 872 873
483 16 -1 213 874 875
484 16 -1 213 876 877
485 16 -1 214 878 879
486 16 -1 214 880 881
487 16 -1 215 882 883
488 16 -1 215 884 885
489 16 -1 216 886 887
490 16 -1 216 888 889
491 16 -1 217 890 891
492 16 -1 217 892 893
493 16 -1 218 894 895
494 16 -1 218 896 897
495 16 -1 219 898 899
496 16 -1 219 900 901
497 16 -1 220 902 903
498 16 -1 220 904 905
499 16 -1 221 906 907
500 16 -1 221 908 909
501 16 -1 222 910 911
502 16 -1 222 912 913
503 16 -1 223 914 915
504 16 -1 223 916 917
505 16 -1 224 918 919
506 16 -1 224 920 921
507 16 -1 225 922 923
508 16 -1 225 924 925
509 16 -1 226 926 927
510 16 -1 226 928 929
511 16 -1 227 930 931
512 16 -1 227 932 933
513 16 -1 228 934 935
514 16 -1 228 936 937
515 16 -1 229 938 939
516 16 -1 229 940 941
517 16 -1 230 942 943
518 16 -1 230 944 945
519 16 -1 231 946 947
520 16 -1 231 948 949
521 16 -1 232 950 951
522 16 -1 232 952 953
523 16 -1 233 954 955
524 16 -1 233 956 957
525 16 -1 234 958 959
526 16 -1 234 960 961
527 16 -1 235 962 963
528 16 -1 235 964 965
529 16 -1 236 1239 1240
530 16 -1 236 1241 1252
531 16 -1 237 1253 1254
532 16 -1 237 1255 1256
533 16 -1 238 1257 1258
534 16 -1 238 1259 1260
535 16 -1 239 1261 1262
536 16 -1 239 1263 1264
537 16 -1 240 1265 1266
538 16 -1 240 1267 1268
539 16 -1 241 1269 1270
540 16 -1 241 1271 1272
541 16 -1 242 1273 1274
542 16 -1 242 1275 1276
543 16 -1 243 1277 1278
544 16 -1 243 1279 1280
545 16 -1 244 1281 1282
546 16 -1 244 1283 1284
547 16 -1 245 1285 1286
548 16 -1 245 1287 1288
549 16 -1 246 1289 1290
550 16 -1 246 1291 1292
551 16 -1 247 1293 1294
552 16 -1 247 1295 1296
553 16 -1 248 1297 1298
554 16 -1 248 1299 1300
555 16 -1 249 1301 1302
556 16 -1 249 1303 1304
557 16 -1 250 1305 1306
558 16 -1 250 1307 1308
559 16 -1 251 1309 1310
560 16 -1 251 1311 1312
561 16 -1 252 1313 1314
562 16 -1 252 1315 1316
563 16 -1 253 1317 1318
564 16 -1 253 1319 1320
565 16 -1 254 1321 1322
566 16 -1 254 1323 1324
567 16 -1 255 1325 1326
568 16 -1 255 1327 1619
569 16 -1 256 1624 1625
570 16 -1 256 1626 1627
571 16 -1 257 1628 1629
572 16 -1 257 1630 1631
573 16 -1 258 1637 1638
574 16 -1 258 1639 1640
575 16 -1 259 1641 1642
576 16 -1 259 1643 1644
577 16 -1 260 1645 1646
578 16 -1 260 1647 1648
579 16 -1 261 1649 1650
580 16 -1 261 1651 1652
581 16 -1 262 1653 1654
582 16 -1 262 1655 1656
583 16 -1 263 1657 1658
584 16 -1 263 1659 1660
585 16 -1 264 1661 1662
586 16 -1 264 1663 1664
587 16 -1 265 1665 1666
588 16 -1 265 1667 1668
589 16 -1 266 1669 1670
590 16 -1 266 1671 1672
591 16 -1 267 1673 1674
592 16 -1 267 1675 1676
593 16 -1 268 1677 1678
594 16 -1 268 1679 1680
595 16 -1 269 1681 1682
596 16 -1 269 1683 1684
597 16 -1 270 1685 1686
598 16 -1 270 1687 1688
599 16 -1 271 1689 1690
600 16 -1 271 1691 1692
601 16 -1 272 1693 1694
602 16 -1 272 1695 1696
603 16 -1 273 1697 1698
604 16 -1 273 1699 1700
605 16 -1 274 1701 1702
606 16 -1 274 1703 1704
607 16 -1 275 1705 1706
608 16 -1 275 1707 1708
609 16 -1 276 1709 1710
610 16 -1 276 1711 1712
611 16 -1 277 1713 1714
612 16 -1 277 1715 1716
613 16 -1 278 1717 1718
614 16 -1 278 1719 1720
615 16 -1 279 1721 1722
616 16 -1 279 1723 1724
617 16 -1 280 1725 1726
618 16 -1 280 1727 1728
619 16 -1 281 1729 1730
620 16 -1 281 1731 2068
621 16 -1 282 2112 2113
622 16 -1 282 2114 2115
623 16 -1 283 2116 2117
624 16 -1 283 2118 2119
625 16 -1 284 2120 2121
626 16 -1 284 2122 2123
627 16 -1 285 2124 2125
628 16 -1 285 2126 2127
629 16 -1 286 2128 2129
630 16 -1 286 2130 2131
631 16 -1 287 2132 2133
632 16 -1 287 2134 2135
633 16 -1 288 2136 2137
634 16 -1 288 2138 2139
635 16 -1 289 2140 2141
636 16 -1 289 2142 2143
637 16 -1 290 2144 2145
638 16 -1 290 2146 2147
639 16 -1 291 2148 2149
640 16 -1 291 2150 2151
641 16 -1 292 2152 2153
642 16 -1 292 2154 2155
643 16 -1 293 2156 2157
644 16 -1 293 2158 2159
645 16 -1 294 2160 2161
646 16 -1 294 2162 2163
647 16 -1 295 2164 2165
648 16 -1 295 2166 2167
649 16 -1 296 2168 2169
650 16 -1 296 2170 2171
651 16 -1 297 2172 2173
652 16 -1 297 2174 2175
653 16 -1 298 2176 2177
654 16 -1 298 2178 2179
655 16 -1 299 2180 2181
656 16 -1 299 2182 2183
657 16 -1 300 2184 2185
658 16 -1 300 2186 2187
659 16 -1 301 2188 2189
660 16 -1 301 2190 2191
661 16 -1 302 2192 2193
662 16 -1 302 2194 2195
663 16 -1 303 2196 2197
664 16 -1 303 2198 2199
665 48 -1 382 846 912
666 48 -1 382 913 914
667 48 -1 383 915 966
668 48 -1 383 967 991
669 64 -1 78 1009 1010
670 80 -1 405 924 925
671 96 -1 187 932 933
672 128 -1 -1 1001 1002
673 128 -1 -1 1027 1029
674 128 -1 -1 1030 1031
675 128 -1 -1 1032 1033
676 128 -1 -1 1034 1035
677 128 -1 -1 1036 1037
678 48 304 367 992 993
679 48 304 367 994 995
680 48 305 368 996 997
681 48 305 368 998 999
682 64 306 384 1011 1012
683 64 306 384 1309 1310
684 80 307 161 926 927
685 80 307 161 928 929
686 80 308 385 930 931
687 80 308 385 971 972
688 80 309 386 973 974
689 80 309 386 975 976
690 80 310 387 977 978
691 80 310 387 979 980
692 80 311 388 991 992
693 80 311 388 993 994
694 80 312 389 995 996
695 80 312 389 997 1013
696 80 313 390 1014 1015
697 80 313 390 1016 1017
698 80 314 391 1018 1019
699 80 314 391 1020 1021
700 80 315 392 1022 1023
701 80 315 392 1024 1025
702 80 316 393 1026 1409
703 80 316 393 1410 1411
704 80 317 394 1412 1413
705 80 317 394 1414 1415
706 80 318 395 1416 1417
707 96 318 405 934 935
708 96 319 406 936 937
709 96 369 395 938 939
710 112 369 406 998 999
711 112 370 407 1027 1028
712 160 370 -1 1038 1039
713 160 371 -1 1042 1043
714 160 371 -1 1044 1045
715 144 396 407 945 946
716 144 396 408 1003 1004
717 144 397 408 1038 1039
718 144 397 409 1040 1041
719 160 398 188 1046 1047
720 160 398 188 1048 1049
721 160 399 189 1050 1051
722 160 399 189 1052 1053
723 176 400 422 1005 1028
724 176 400 422 1029 1030
725 176 401 423 1031 1032
726 176 409 190 1040 1041
727 208 190 423 1065 1066
728 208 191 424 1067 1068
729 224 191 -1 1006 1007
730 224 192 -1 1013 1014
731 224 192 -1 1015 1016
732 224 193 -1 1033 1034
733 224 193 -1 1035 1069
734 224 194 -1 1070 1071
735 224 194 -1 1072 1073
736 224 195 -1 1074 1075
737 224 195 -1 1076 1077
738 224 196 -1 1078 1079
739 224 196 -1 1080 1081
740 224 197 -1 1082 1083
741 224 197 -1 1084 1085
742 224 198 -1 1086 1087
743 224 198 -1 1088 1089
744 224 199 -1 1090 1091
745 224 199 -1 1092 1093
746 224 200 -1 1094 1095
747 224 200 -1 1096 1097
748 224 201 -1 1098 1099
749 224 201 -1 1471 1472
750 224 202 -1 1516 1532
751 224 202 -1 1533 1534
752 224 203 -1 1535 1536
753 224 203 -1 1540 2024
754 224 204 -1 2025 2026
755 224 204 -1 2027 2028
756 240 424 -1 947 948
757 240 425 -1 949 950
758 240 425 -1 951 952
759 240 426 -1 953 954
760 240 426 -1 955 956
761 240 427 -1 957 1008
762 240 427 -1 1009 1010
763 240 428 -1 1011 1012
764 240 428 -1 1036 1037
765 240 429 -1 1042 1043
766 240 429 -1 1044 1045
767 240 430 -1 1046 1054
768 240 430 -1 1055 1056
769 240 431 -1 1057 1058
770 240 431 -1 1059 1060
771 240 432 -1 1061 1062
772 240 432 -1 1063 1064
773 240 433 -1 1100 1101
774 240 433 -1 1102 1103
775 240 434 -1 1104 1105
776 240 434 -1 1106 1107
777 240 435 -1 1108 1109
778 240 435 -1 1110 1111
779 240 436 -1 1112 1113
780 240 436 -1 1114 1115
781 240 437 -1 1116 1117
782 240 437 -1 1118 1119
783 240 438 -1 1120 1121
784 240 438 -1 1122 1123
785 240 439 -1 1124 1125
786 240 439 -1 1126 1127
787 240 440 -1 1128 1129
788 240 440 -1 1130 1131
789 240 441 -1 1132 1133
790 240 441 -1 1134 1135
791 240 442 -1 1136 1137
792 240 442 -1 1138 1139
793 240 443 -1 1140 1141
794 240 443 -1 1142 1143
795 240 444 -1 1144 1145
796 240 444 -1 1146 1147
797 240 445 -1 1148 1149
798 240 445 -1 1150 1151
799 240 446 -1 1152 1153
800 240 446 -1 1154 1155
801 240 447 -1 1156 1157
802 240 447 -1 1158 1159
803 240 448 -1 1160 1161
804 240 448 -1 1162 1163
805 240 449 -1 1164 1165
806 240 449 -1 1166 1167
807 240 450 -1 1168 1169
808 240 450 -1 1170 1171
809 240 451 -1 1172 1173
810 240 451 -1 1174 1175
811 240 452 -1 1176 1177
812 240 452 -1 1178 1179
813 240 453 -1 1180 1181
814 240 453 -1 1182 1183
815 240 454 -1 1184 1185
816 240 454 -1 1186 1187
817 240 455 -1 1188 1189
818 240 455 -1 1190 1191
819 240 456 -1 1192 1193
820 240 456 -1 1194 1195
821 240 457 -1 1196 1197
822 240 457 -1 1198 1199
823 240 458 -1 1200 1201
824 240 458 -1 1202 1203
825 240 459 -1 1204 1205
826 240 459 -1 1206 1207
827 240 460 -1 1208 1209
828 240 460 -1 1210 1211
829 240 461 -1 1212 1213
830 240 461 -1 1214 1215
831 240 462 -1 1216 1217
832 240 462 -1 1218 1219
833 240 463 -1 1220 1221
834 240 463 -1 1222 1223
835 240 464 -1 1224 1225
836 240 464 -1 1226 1227
837 240 465 -1 1228 1229
838 240 465 -1 1230 1231
839 240 466 -1 1380 1381
840 240 466 -1 1382 1383
841 8 -1 467 1232 1233
842 8 -1 467 1234 1235
843 8 -1 468 1236 1237
844 8 -1 468 1238 1252
845 8 -1 469 1253 1254
846 24 -1 665 1242 1243
847 24 469 319 1244 1245
848 24 470 320 1246 1247
849 24 470 320 1248 1249
850 24 471 321 1250 1251
851 24 471 321 1255 1256
852 24 472 322 1257 1258
853 24 472 322 1259 1260
854 24 473 323 1261 1262
855 24 473 323 1263 1264
856 24 474 324 1265 1266
857 24 474 324 1267 1268
858 24 475 325 1269 1270
859 24 475 325 1271 1272
860 24 476 326 1273 1274
861 24 476 326 1275 1276
862 24 477 327 1277 1278
863 24 477 327 1279 1280
864 24 478 328 1281 1282
865 24 478 328 1283 1284
866 24 479 329 1285 1286
867 24 479 329 1287 1288
868 24 480 330 1289 1290
869 24 480 330 1291 1292
870 24 481 331 1293 1294
871 24 481 331 1295 1328
872 24 482 332 1329 1330
873 24 482 332 1331 1332
874 24 483 333 1333 1334
875 24 483 333 1335 1336
876 24 484 334 1337 1338
877 24 484 334 1339 1340
878 24 485 335 1341 1342
879 24 485 335 1343 1344
880 24 486 336 1345 1346
881 24 486 336 1347 1348
882 24 487 337 1349 1350
883 24 487 337 1351 1352
884 24 488 338 1353 1354
885 24 488 338 1355 1356
886 24 489 339 1357 1358
887 24 489 339 1359 1360
888 24 490 340 1361 1362
889 24 490 340 1363 1364
890 24 491 341 1620 1732
891 24 491 341 1781 1782
892 24 492 342 1783 1784
893 24 492 342 1785 1786
894 24 493 343 1787 1788
895 24 493 343 1789 1790
896 24 494 344 1791 1792
897 24 494 344 1793 1794
898 24 495 345 1795 1796
899 24 495 345 1797 1798
900 24 496 346 1799 1800
901 24 496 346 1801 1802
902 24 497 347 1803 1804
903 24 497 347 1805 1806
904 24 498 348 1807 1808
905 24 498 348 1809 1810
906 24 499 349 1811 1812
907 24 499 349 1813 1814
908 24 500 350 1815 1816
909 24 500 350 1817 1818
910 24 501 351 1819 1820
911 24 501 351 1821 1822
912 32 502 665 1369 1824
913 32 502 666 1825 1826
914 32 503 666 1827 1828
915 32 503 667 1829 1830
916 40 504 372 1329 1330
917 40 504 372 1370 1371
918 40 505 373 1372 1373
919 40 505 373 1374 1375
920 40 506 374 1376 1377
921 40 506 374 1378 1379
922 40 507 375 1380 1381
923 40 507 375 1382 1383
924 48 508 670 1370 1371
925 48 508 670 1388 1389
926 48 509 684 1390 1391
927 48 509 684 1392 1393
928 48 510 685 1394 1395
929 48 510 685 1396 1397
930 48 511 686 1398 1399
931 48 511 686 1400 1401
932 56 512 671 1296 1297
933 56 512 671 1298 1299
934 56 513 707 1300 1301
935 56 513 707 1302 1303
936 56 514 708 1304 1305
937 56 514 708 1306 1307
938 56 515 709 1308 1331
939 56 515 709 1372 1373
940 72 516 401 1315 1334
941 72 516 402 1391 1427
942 72 517 402 1428 1429
943 72 517 403 1430 1431
944 72 518 403 1432 1433
945 80 518 715 1418 1419
946 80 519 715 1420 1421
947 128 519 756 1343 1344
948 128 520 756 1345 1346
949 128 520 757 1347 1348
950 128 521 757 1349 1394
951 128 521 758 1426 1454
952 128 522 758 1455 1456
953 128 522 759 1457 1458
954 128 523 759 1459 1460
955 128 523 760 1461 1462
956 128 524 760 1463 1464
957 128 524 761 1465 1466
958 136 525 -1 1350 1395
959 136 525 -1 1396 1427
960 136 526 -1 1428 1429
961 136 526 -1 1430 1431
962 136 527 -1 1454 1455
963 136 527 -1 1456 1467
964 136 528 -1 1468 1469
965 136 528 -1 1908 1909
966 40 352 667 1384 1385
967 40 352 668 1386 1387
968 48 353 376 1402 1403
969 48 353 376 1404 1405
970 48 354 377 1406 1407
971 56 354 687 1374 1375
972 56 355 687 1408 1409
973 56 355 688 1410 1411
974 56 356 688 1412 1413
975 56 356 689 1414 1415
976 56 357 689 1416 1417
977 56 357 690 1418 1419
978 56 358 690 1420 1421
979 56 358 691 1422 1423
980 56 359 691 1424 1425
981 80 359 404 1422 1423
982 112 360 410 1339 1436
983 112 360 410 1438 1439
984 112 361 411 1440 1441
985 112 361 411 1442 1443
986 112 362 412 1444 1445
987 112 362 412 1446 1447
988 112 363 413 1448 1449
989 112 363 413 1450 1451
990 112 364 414 1452 1453
991 64 668 692 1311 1312
992 64 678 692 1313 1314
993 64 678 693 1332 1333
994 64 679 693 1376 1377
995 64 679 694 1378 1388
996 64 680 694 1389 1390
997 64 680 695 1408 1426
998 80 681 710 1424 1425
999 80 681 710 1434 1435
1000 96 377 404 1335 1336
1001 96 378 672 1337 1392
1002 96 378 672 1677 1678
1003 104 379 716 1338 1436
1004 104 379 716 1437 1747
1005 120 380 723 1340 1341
1006 144 380 729 1467 1470
1007 144 381 729 1471 1472
1008 152 381 761 1316 1317
1009 152 669 762 1318 1319
1010 152 669 762 1320 1321
1011 152 682 763 1322 1323
1012 152 682 763 1324 1325
1013 152 695 730 1326 1327
1014 152 696 730 1351 1352
1015 152 696 731 1353 1354
1016 152 697 731 1457 1475
1017 168 697 -1 1356 1438
1018 168 698 -1 1490 1491
1019 168 698 -1 1492 1493
1020 168 699 -1 1494 1495
1021 168 699 -1 1496 1497
1022 168 700 -1 1498 1499
1023 168 700 -1 1500 1501
1024 168 701 -1 1502 1503
1025 168 701 -1 1504 1505
1026 168 702 -1 1506 1950
1027 120 711 673 1342 1393
1028 144 711 723 1473 1474
1029 152 673 724 1476 1477
1030 152 674 724 1478 1479
1031 152 674 725 1480 1481
1032 152 675 725 1482 1483
1033 176 675 732 1365 1439
1034 176 676 732 1490 1507
1035 176 676 733 1508 1636
1036 184 677 764 1357 1397
1037 184 677 764 1507 1509
1038 152 717 712 1484 1485
1039 152 717 712 1486 1487
1040 160 718 726 1355 1458
1041 160 718 726 1488 1489
1042 200 713 765 1470 1510
1043 200 713 765 1512 1513
1044 200 714 766 1514 1515
1045 200 714 766 1516 1517
1046 200 719 767 1518 1519
1047 208 719 -1 1512 1513
1048 208 720 -1 1520 1521
1049 208 720 -1 1522 1523
1050 208 721 -1 1524 1525
1051 208 721 -1 1526 1527
1052 208 722 -1 1528 1529
1053 208 722 -1 1530 1531
1054 216 414 767 1379 1398
1055 216 415 768 1399 1400
1056 216 415 768 1401 1440
1057 216 416 769 1461 1468
1058 216 416 769 1491 1514
1059 216 417 770 1515 1520
1060 216 417 770 1532 1533
1061 216 418 771 1534 1535
1062 216 418 771 1536 1537
1063 216 419 772 1538 1539
1064 216 419 772 2009 2012
1065 232 727 -1 1469 1537
1066 232 727 -1 1540 1541
1067 232 728 -1 1542 1543
1068 232 728 -1 1544 1545
1069 240 733 -1 1402 1403
1070 240 734 -1 1404 1405
1071 240 734 -1 1432 1433
1072 240 735 -1 1441 1462
1073 240 735 -1 1511 1538
1074 240 736 -1 1539 1546
1075 240 736 -1 1547 1548
1076 240 737 -1 1549 1550
1077 240 737 -1 1551 1552
1078 240 738 -1 1553 1554
1079 240 738 -1 1555 1556
1080 240 739 -1 1557 1558
1081 240 739 -1 1559 1560
1082 240 740 -1 1561 1562
1083 240 740 -1 1563 1564
1084 240 741 -1 1565 1566
1085 240 741 -1 1567 1568
1086 240 742 -1 1569 1570
1087 240 742 -1 1571 1572
1088 240 743 -1 1573 1574
1089 240 743 -1 1575 1576
1090 240 744 -1 1577 1578
1091 240 744 -1 1579 1580
1092 240 745 -1 1581 1582
1093 240 745 -1 1583 1584
1094 240 746 -1 1585 1586
1095 240 746 -1 1587 1588
1096 240 747 -1 1589 1590
1097 240 747 -1 1591 1592
1098 240 748 -1 1593 1594
1099 240 748 -1 1595 1962
1100 248 773 -1 1358 1359
1101 248 773 -1 1360 1361
1102 248 774 -1 1362 1363
1103 248 774 -1 1366 1367
1104 248 775 -1 1368 1369
1105 248 775 -1 1384 1385
1106 248 776 -1 1386 1387
1107 248 776 -1 1406 1442
1108 248 777 -1 1443 1444
1109 248 777 -1 1445 1446
1110 248 778 -1 1447 1448
1111 248 778 -1 1463 1464
1112 248 779 -1 1465 1466
1113 248 779 -1 1473 1474
1114 248 780 -1 1475 1476
1115 248 780 -1 1477 1478
1116 248 781 -1 1479 1480
1117 248 781 -1 1481 1482
1118 248 782 -1 1483 1484
1119 248 782 -1 1485 1486
1120 248 783 -1 1488 1489
1121 248 783 -1 1509 1517
1122 248 784 -1 1518 1519
1123 248 784 -1 1521 1541
1124 248 785 -1 1542 1543
1125 248 785 -1 1544 1545
1126 248 786 -1 1546 1547
1127 248 786 -1 1548 1549
1128 248 787 -1 1550 1551
1129 248 787 -1 1552 1553
1130 248 788 -1 1554 1555
1131 248 788 -1 1556 1557
1132 248 789 -1 1558 1559
1133 248 789 -1 1560 1561
1134 248 790 -1 1562 1563
1135 248 790 -1 1564 1565
1136 248 791 -1 1566 1567
1137 248 791 -1 1568 1569
1138 248 792 -1 1570 1571
1139 248 792 -1 1572 1573
1140 248 793 -1 1574 1575
1141 248 793 -1 1576 1577
1142 248 794 -1 1578 1579
1143 248 794 -1 1580 1581
1144 248 795 -1 1582 1583
1145 248 795 -1 1584 1585
1146 248 796 -1 1586 1587
1147 248 796 -1 1588 1589
1148 248 797 -1 1590 1591
1149 248 797 -1 1592 1593
1150 248 798 -1 1594 1595
1151 248 798 -1 1596 1597
1152 248 799 -1 1598 1599
1153 248 799 -1 1600 1601
1154 248 800 -1 1602 1603
1155 248 800 -1 1604 1605
1156 248 801 -1 1606 1607
1157 248 801 -1 1608 1609
1158 248 802 -1 1610 1611
1159 248 802 -1 1713 1714
1160 248 803 -1 1715 1716
1161 248 803 -1 1717 1718
1162 248 804 -1 1719 1720
1163 248 804 -1 1721 1722
1164 248 805 -1 1723 1724
1165 248 805 -1 1725 1726
1166 248 806 -1 1727 1728
1167 248 806 -1 1729 1730
1168 248 807 -1 1731 1903
1169 248 807 -1 1938 1939
1170 248 808 -1 1940 1941
1171 248 808 -1 1942 1943
1172 248 809 -1 1944 1981
1173 248 809 -1 1983 1984
1174 248 810 -1 1985 1986
1175 248 810 -1 1987 2053
1176 248 811 -1 2054 2055
1177 248 811 -1 2058 2059
1178 248 812 -1 2198 2199
1179 248 812 -1 2356 2380
1180 248 813 -1 2381 2382
1181 248 813 -1 2383 2384
1182 248 814 -1 2385 2386
1183 248 814 -1 2387 2388
1184 248 815 -1 2389 2390
1185 248 815 -1 2391 2392
1186 248 816 -1 2393 2394
1187 248 816 -1 2395 2416
1188 248 817 -1 2421 2422
1189 248 817 -1 2423 2424
1190 248 818 -1 2425 2426
1191 248 818 -1 2427 2428
1192 248 819 -1 2474 2475
1193 248 819 -1 2476 2477
1194 248 820 -1 2478 2479
1195 248 820 -1 2480 2481
1196 248 821 -1 2482 2483
1197 248 821 -1 2484 2485
1198 248 822 -1 2486 2487
1199 248 822 -1 2488 2489
1200 248 823 -1 2490 2491
1201 248 823 -1 2492 2513
1202 248 824 -1 2514 2515
1203 248 824 -1 2516 2517
1204 248 825 -1 2518 2519
1205 248 825 -1 2520 2521
1206 248 826 -1 2522 2523
1207 248 826 -1 2524 2525
1208 248 827 -1 2526 2527
1209 248 827 -1 2528 2529
1210 248 828 -1 2579 2580
1211 248 828 -1 2581 2586
1212 248 829 -1 2587 2588
1213 248 829 -1 2589 2590
1214 248 830 -1 2591 2592
1215 248 830 -1 2593 2594
1216 248 831 -1 2595 2596
1217 248 831 -1 2597 2598
1218 248 832 -1 2599 2600
1219 248 832 -1 2601 2602
1220 248 833 -1 2606 2607
1221 248 833 -1 2608 2609
1222 248 834 -1 2610 2611
1223 248 834 -1 2612 2613
1224 248 835 -1 2614 2615
1225 248 835 -1 2616 2617
1226 248 836 -1 2618 2619
1227 248 836 -1 2620 2621
1228 248 837 -1 2622 2623
1229 248 837 -1 2624 2625
1230 248 838 -1 2626 2627
1231 248 838 -1 2628 2641
1232 4 -1 841 1612 1613
1233 4 -1 841 1614 1615
1234 4 -1 842 1616 1617
1235 4 -1 842 1624 1625
1236 4 -1 843 1626 1627
1237 4 -1 843 1628 1629
1238 4 -1 844 1630 1631
1239 8 -1 529 1618 1632
1240 8 -1 529 1633 1634
1241 8 -1 530 1635 1636
1242 12 -1 846 1632 1633
1243 12 -1 846 1634 1635
1244 12 -1 847 1637 1638
1245 12 -1 847 1639 1640
1246 12 -1 848 1641 1642
1247 12 -1 848 2084 2112
1248 12 -1 849 2113 2114
1249 12 -1 849 2115 2116
1250 12 -1 850 2117 2118
1251 12 -1 850 2119 2120
1252 12 844 530 2121 2122
1253 12 845 531 2123 2124
1254 12 845 531 2125 2126
1255 20 532 851 1643 1732
1256 20 532 851 1733 1734
1257 20 533 852 1735 1736
1258 20 533 852 1737 1738
1259 20 534 853 1739 1740
1260 20 534 853 1741 1742
1261 20 535 854 1743 1744
1262 20 535 854 1745 1746
1263 20 536 855 1747 1748
1264 20 536 855 1749 1750
1265 20 537 856 1751 1752
1266 20 537 856 1753 1754
1267 20 538 857 1755 1756
1268 20 538 857 1757 1758
1269 20 539 858 1759 1760
1270 20 539 858 1761 1762
1271 20 540 859 1763 1764
1272 20 540 859 1765 1766
1273 20 541 860 1767 1768
1274 20 541 860 1769 1770
1275 20 542 861 1771 1772
1276 20 542 861 1773 1774
1277 20 543 862 1775 1776
1278 20 543 862 1777 1778
1279 20 544 863 1779 1780
1280 20 544 863 2086 2204
1281 20 545 864 2205 2206
1282 20 545 864 2207 2208
1283 20 546 865 2209 2210
1284 20 546 865 2211 2212
1285 20 547 866 2213 2214
1286 20 547 866 2215 2216
1287 20 548 867 2217 2218
1288 20 548 867 2219 2220
1289 20 549 868 2221 2222
1290 20 549 868 2223 2224
1291 20 550 869 2225 2226
1292 20 550 869 2227 2228
1293 20 551 870 2229 2230
1294 20 551 870 2231 2232
1295 20 552 871 2233 2234
1296 36 552 932 1621 1644
1297 36 553 932 1645 1646
1298 36 553 933 1734 1735
1299 36 554 933 1736 1737
1300 36 554 934 1738 1739
1301 36 555 934 1740 1741
1302 36 555 935 1742 1743
1303 36 556 935 1835 1836
1304 36 556 936 1837 1838
1305 36 557 936 1839 1840
1306 36 557 937 1841 2130
1307 36 558 937 2272 2273
1308 36 558 938 2274 2275
1309 40 559 683 1647 1648
1310 40 559 683 1744 1781
1311 40 560 991 1782 1823
1312 40 560 991 1842 1843
1313 40 561 992 1844 1845
1314 40 561 992 1846 1847
1315 44 562 940 1745 1783
1316 84 562 1008 1662 1663
1317 84 563 1008 1664 1665
1318 84 563 1009 1666 1667
1319 84 564 1009 1668 1669
1320 84 564 1010 1670 1671
1321 84 565 1010 1672 1673
1322 84 565 1011 1674 1675
1323 84 566 1011 1676 1837
1324 84 566 1012 1838 1839
1325 84 567 1012 1840 1883
1326 84 567 1013 1884 1885
1327 84 568 1013 1886 1887
1328 28 871 364 1733 1823
1329 32 872 916 1831 1832
1330 32 872 916 1833 1834
1331 40 873 938 1848 1849
1332 44 873 993 1784 1850
1333 44 874 993 1851 1852
1334 48 874 940 1785 1842
1335 60 875 1000 1649 1650
1336 60 875 1000 1651 1652
1337 60 876 1001 1653 1789
1338 64 876 1003 1836 1866
1339 68 877 982 1654 1655
1340 72 877 1005 1875 1876
1341 72 878 1005 1877 1878
1342 72 878 1027 1879 1880
1343 76 879 947 1824 1825
1344 76 879 947 1826 1827
1345 76 880 948 1828 1829
1346 76 880 948 1830 1831
1347 76 881 949 1832 1833
1348 76 881 949 1850 1851
1349 76 882 950 1866 1875
1350 80 882 958 1847 1848
1351 88 883 1014 1746 1890
1352 88 883 1014 1891 1892
1353 88 884 1015 1893 1894
1354 88 884 1015 1895 1896
1355 92 885 1040 1883 1884
1356 96 885 1017 1679 1680
1357 104 886 1036 1748 1749
1358 136 886 1100 1910 1911
1359 136 887 1100 1912 1913
1360 136 887 1101 1914 1915
1361 136 888 1101 1916 1917
1362 136 888 1102 1918 1919
1363 136 889 1102 1920 1921
1364 140 889 -1 1908 1922
1365 104 365 1033 1750 1751
1366 140 365 1103 1923 1924
1367 140 366 1103 1925 1926
1368 140 366 1104 1927 1928
1369 140 912 1104 1929 1930
1370 44 917 924 1853 1854
1371 44 917 924 1855 1856
1372 48 918 939 1857 1858
1373 48 918 939 1859 1860
1374 48 919 971 1861 1862
1375 48 919 971 1863 1864
1376 52 920 994 1857 1858
1377 52 920 994 1859 1860
1378 52 921 995 1861 1862
1379 128 921 1054 1863 1903
1380 140 922 839 1931 1932
1381 140 922 839 1933 1934
1382 140 923 840 1935 1936
1383 140 923 840 1937 1938
1384 144 966 1105 1683 1684
1385 144 966 1105 1685 1686
1386 144 967 1106 1687 1688
1387 144 967 1106 1689 1690
1388 56 925 995 1786 1787
1389 56 925 996 1788 1843
1390 56 926 996 1844 1845
1391 60 926 941 1790 1835
1392 72 927 1001 1881 1882
1393 84 927 1027 1888 1889
1394 88 928 950 1897 2168
1395 92 928 958 1885 1898
1396 92 929 959 1899 1900
1397 116 929 1036 1901 1902
1398 132 930 1054 1622 1852
1399 132 930 1055 1853 1876
1400 132 931 1055 1877 1878
1401 132 931 1056 1879 1880
1402 144 968 1069 1691 1692
1403 144 968 1069 1693 1694
1404 144 969 1070 1695 1696
1405 144 969 1070 1697 1698
1406 148 970 1107 1909 2432
1407 152 970 -1 1922 1946
1408 60 972 997 1846 1865
1409 68 972 702 1656 1657
1410 68 973 703 1658 1659
1411 68 973 703 1660 1661
1412 68 974 704 1791 1792
1413 68 974 704 1793 1794
1414 68 975 705 1795 1796
1415 68 975 705 1797 1798
1416 68 976 706 1799 1800
1417 68 976 706 1801 1802
1418 68 977 945 1803 1804
1419 68 977 945 1805 1806
1420 68 978 946 1807 1808
1421 68 978 946 1809 1810
1422 68 979 981 1867 1868
1423 68 979 981 1869 1870
1424 68 980 998 1871 1872
1425 68 980 998 1873 1874
1426 96 997 951 1681 1682
1427 104 941 959 1752 1890
1428 104 942 960 1891 1892
1429 104 942 960 1893 1894
1430 104 943 961 1895 1896
1431 104 943 961 1897 1898
1432 156 944 1071 1753 1947
1433 156 944 1071 1948 1949
1434 168 999 -1 1952 1953
1435 168 999 -1 1954 1955
1436 108 1003 982 1811 1865
1437 180 1004 -1 1899 1901
1438 140 983 1017 1939 1940
1439 144 983 1033 1699 1700
1440 164 984 1056 1950 1951
1441 176 984 1072 1854 1855
1442 180 985 1107 1961 1962
1443 180 985 1108 1963 1964
1444 180 986 1108 1965 1966
1445 180 986 1109 1967 1968
1446 180 987 1109 1969 1970
1447 180 987 1110 1971 1972
1448 180 988 1110 1973 1974
1449 184 988 -1 1977 1978
1450 184 989 -1 1979 1980
1451 184 989 -1 1981 2474
1452 184 990 -1 2475 2476
1453 184 990 -1 2477 2478
1454 132 951 962 1881 1882
1455 132 952 962 1904 1905
1456 132 952 963 1906 1907
1457 140 953 1016 1941 1942
1458 144 953 1040 1701 1945
1459 160 954 420 1812 1813
1460 160 954 420 1814 1947
1461 172 955 1057 1864 1956
1462 184 955 1072 2479 2480
1463 188 956 1111 1948 1982
1464 188 956 1111 1983 1984
1465 188 957 1112 1985 1986
1466 188 957 1112 1987 2493
1467 140 963 1006 1943 1944
1468 176 964 1057 1856 1961
1469 184 964 1065 2481 2482
1470 172 1006 1042 1957 1958
1471 184 1007 749 2483 2484
1472 184 1007 749 2485 2486
1473 196 1028 1113 1946 1951
1474 196 1028 1113 1952 1953
1475 200 1016 1114 1754 1755
1476 200 1029 1114 1756 1757
1477 200 1029 1115 1758 1989
1478 200 1030 1115 1990 1991
1479 200 1030 1116 1992 1993
1480 200 1031 1116 1994 1995
1481 200 1031 1117 1996 1997
1482 200 1032 1117 1998 1999
1483 200 1032 1118 2000 2001
1484 200 1038 1118 2002 2003
1485 200 1038 1119 2004 2005
1486 200 1039 1119 2006 2007
1487 204 1039 -1 1702 1834
1488 204 1041 1120 1867 1900
1489 204 1041 1120 1902 1958
1490 172 1018 1034 1959 1960
1491 192 1018 1058 1956 1988
1492 212 1019 -1 1759 1760
1493 212 1019 -1 1761 1762
1494 212 1020 -1 1763 1764
1495 212 1020 -1 1765 1766
1496 212 1021 -1 1767 1768
1497 212 1021 -1 1769 1770
1498 212 1022 -1 1771 1772
1499 212 1022 -1 1773 1886
1500 212 1023 -1 1887 1888
1501 212 1023 -1 1889 1977
1502 212 1024 -1 1978 1979
1503 212 1024 -1 1980 2012
1504 212 1025 -1 2013 2014
1505 212 1025 -1 2015 2016
1506 212 1026 -1 2017 2018
1507 180 1034 1037 1975 1976
1508 216 1035 -1 2013 2014
1509 216 1037 1121 2015 2016
1510 196 421 1042 1954 1957
1511 216 421 1073 2017 2018
1512 204 1043 1047 1959 1960
1513 204 1043 1047 1988 2008
1514 208 1044 1058 1955 2009
1515 208 1044 1059 2010 2011
1516 212 1045 750 2019 2020
1517 224 1045 1121 2029 2030
1518 224 1046 1122 2031 2032
1519 224 1046 1122 2033 2034
1520 212 1048 1059 2021 2022
1521 228 1048 1123 1841 1868
1522 232 1049 -1 1904 1910
1523 232 1049 -1 1911 1989
1524 232 1050 -1 2019 2035
1525 232 1050 -1 2039 2040
1526 232 1051 -1 2041 2042
1527 232 1051 -1 2043 2044
1528 232 1052 -1 2045 2046
1529 232 1052 -1 2047 2048
1530 232 1053 -1 2049 2050
1531 232 1053 -1 2051 2052
1532 220 1060 750 1815 1816
1533 220 1060 751 1817 1818
1534 220 1061 751 1819 1820
1535 220 1061 752 1821 1949
1536 220 1062 752 2010 2023
1537 224 1062 1065 2576 2577
1538 228 1063 1073 1869 2011
1539 228 1063 1074 2035 2036
1540 228 753 1066 2037 2038
1541 240 1066 1123 1963 1964
1542 240 1067 1124 1965 2020
1543 240 1067 1124 2036 2039
1544 240 1068 1125 2040 2041
1545 240 1068 1125 2042 2043
1546 244 1074 1126 1703 1704
1547 244 1075 1126 1705 1706
1548 244 1075 1127 1707 1708
1549 244 1076 1127 1709 1710
1550 244 1076 1128 1711 1712
1551 244 1077 1128 1870 1871
1552 244 1077 1129 1872 1873
1553 244 1078 1129 1874 1905
1554 244 1078 1130 1906 1907
1555 244 1079 1130 1912 1913
1556 244 1079 1131 1914 1915
1557 244 1080 1131 1916 1917
1558 244 1080 1132 1918 1919
1559 244 1081 1132 1920 1921
1560 244 1081 1133 1923 1924
1561 244 1082 1133 1925 1926
1562 244 1082 1134 1927 1928
1563 244 1083 1134 1929 1930
1564 244 1083 1135 1931 1932
1565 244 1084 1135 1933 1934
1566 244 1084 1136 1935 1936
1567 244 1085 1136 1937 1945
1568 244 1085 1137 1966 1967
1569 244 1086 1137 1968 1969
1570 244 1086 1138 1970 1971
1571 244 1087 1138 1972 1973
1572 244 1087 1139 1974 1975
1573 244 1088 1139 1976 1982
1574 244 1088 1140 1990 1991
1575 244 1089 1140 1992 1993
1576 244 1089 1141 1994 1995
1577 244 1090 1141 1996 1997
1578 244 1090 1142 1998 1999
1579 244 1091 1142 2000 2001
1580 244 1091 1143 2002 2003
1581 244 1092 1143 2004 2005
1582 244 1092 1144 2006 2007
1583 244 1093 1144 2021 2024
1584 244 1093 1145 2025 2026
1585 244 1094 1145 2027 2028
1586 244 1094 1146 2029 2030
1587 244 1095 1146 2031 2032
1588 244 1095 1147 2033 2044
1589 244 1096 1147 2045 2046
1590 244 1096 1148 2047 2048
1591 244 1097 1148 2049 2050
1592 244 1097 1149 2051 2052
1593 244 1098 1149 2053 2054
1594 244 1098 1150 2055 2056
1595 244 1099 1150 2057 2396
1596 252 1151 -1 1623 1774
1597 252 1151 -1 1775 1776
1598 252 1152 -1 1777 1778
1599 252 1152 -1 1779 1780
1600 252 1153 -1 1822 2022
1601 252 1153 -1 2023 2034
1602 252 1154 -1 2060 2061
1603 252 1154 -1 2062 2063
1604 252 1155 -1 2064 2065
1605 252 1155 -1 2066 2067
1606 252 1156 -1 2603 2604
1607 252 1156 -1 2605 2631
1608 252 1157 -1 2632 2633
1609 252 1157 -1 2634 2644
1610 252 1158 -1 2645 2646
1611 252 1158 -1 2647 2648
1612 2 -1 1232 2072 2073
1613 2 -1 1232 2074 2075
1614 2 -1 1233 2076 2077
1615 2 -1 1233 2078 2079
1616 2 -1 1234 2080 2081
1617 2 -1 1234 2082 2083
1618 4 -1 1239 2084 2085
1619 8 -1 568 2086 2087
1620 12 -1 890 2127 2128
1621 18 -1 1296 2200 2201
1622 66 -1 1398 2069 2166
1623 126 -1 1596 2429 2430
1624 10 1235 569 2088 2089
1625 10 1235 569 2090 2091
1626 10 1236 570 2092 2093
1627 10 1236 570 2094 2095
1628 10 1237 571 2096 2097
1629 10 1237 571 2098 2099
1630 10 1238 572 2100 2101
1631 10 1238 572 2102 2103
1632 10 1239 1242 2104 2105
1633 10 1240 1242 2106 2107
1634 10 1240 1243 2108 2109
1635 10 1241 1243 2110 2111
1636 92 1241 1035 2105 2106
1637 14 1244 573 2072 2073
1638 14 1244 573 2074 2075
1639 14 1245 574 2076 2077
1640 14 1245 574 2078 2079
1641 14 1246 575 2080 2081
1642 14 1246 575 2082 2083
1643 18 576 1255 2202 2203
1644 26 576 1296 2235 2238
1645 26 577 1297 2239 2240
1646 26 577 1297 2241 2242
1647 28 578 1309 2204 2205
1648 28 578 1309 2206 2207
1649 38 579 1335 2208 2209
1650 38 579 1335 2210 2211
1651 38 580 1336 2212 2213
1652 38 580 1336 2214 2215
1653 38 581 1337 2243 2244
1654 42 581 1339 2088 2089
1655 42 582 1339 2090 2091
1656 42 582 1409 2092 2093
1657 42 583 1409 2094 2095
1658 42 583 1410 2096 2097
1659 42 584 1410 2098 2099
1660 42 584 1411 2100 2101
1661 42 585 1411 2102 2103
1662 50 585 1316 2133 2134
1663 50 586 1316 2135 2136
1664 50 586 1317 2137 2138
1665 50 587 1317 2139 2140
1666 50 587 1318 2141 2142
1667 50 588 1318 2327 2328
1668 50 588 1319 -1 -1
1669 50 589 1319 -1 -1
1670 50 589 1320 -1 -1
1671 50 590 1320 -1 -1
1672 50 590 1321 -1 -1
1673 50 591 1321 -1 -1
1674 50 591 1322 -1 -1
1675 50 592 1322 -1 -1
1676 50 592 1323 -1 -1
1677 56 593 1002 2338 2339
1678 56 593 1002 2340 2341
1679 56 594 1356 2342 2343
1680 56 594 1356 2344 2345
1681 56 595 1426 2346 2347
1682 56 595 1426 2348 2349
1683 80 596 1384 2358 2359
1684 80 596 1384 2360 2361
1685 80 597 1385 2362 2363
1686 80 597 1385 2364 2365
1687 80 598 1386 2366 2367
1688 80 598 1386 2368 2369
1689 80 599 1387 2370 2371
1690 80 599 1387 2372 2373
1691 80 600 1402 2374 2375
1692 80 600 1402 2376 2377
1693 80 601 1403 2378 2379
1694 80 601 1403 2380 2381
1695 80 602 1404 2382 2383
1696 80 602 1404 2384 2385
1697 80 603 1405 2386 2387
1698 80 603 1405 2388 2389
1699 80 604 1439 2390 2391
1700 80 604 1439 2392 2393
1701 80 605 1458 2394 2395
1702 110 605 1487 2287 2288
1703 130 606 1546 2264 2265
1704 130 606 1546 2272 2273
1705 130 607 1547 2274 2275
1706 130 607 1547 2276 2277
1707 130 608 1548 2278 2279
1708 130 608 1548 2280 2281
1709 130 609 1549 2282 2283
1710 130 609 1549 2322 2323
1711 130 610 1550 2324 2325
1712 130 610 1550 2326 2431
1713 132 611 1159 2266 2267
1714 132 611 1159 2268 2269
1715 132 612 1160 2270 2271
1716 132 612 1160 2338 2339
1717 132 613 1161 2340 2341
1718 132 613 1161 2342 2343
1719 132 614 1162 2344 2345
1720 132 614 1162 2346 2347
1721 132 615 1163 2348 2349
1722 132 615 1163 2358 2359
1723 132 616 1164 2360 2361
1724 132 616 1164 2362 2363
1725 132 617 1165 2364 2365
1726 132 617 1165 2366 2367
1727 132 618 1166 2368 2369
1728 132 618 1166 2370 2371
1729 132 619 1167 2372 2373
1730 132 619 1167 2374 2375
1731 132 620 1168 2376 2377
1732 22 1255 890 2235 2236
1733 24 1256 1328 2085 2237
1734 28 1256 1298 2237 2243
1735 28 1257 1298 2244 2245
1736 28 1257 1299 2246 2247
1737 28 1258 1299 2248 2249
1738 28 1258 1300 2250 2251
1739 28 1259 1300 2252 2253
1740 28 1259 1301 2254 2255
1741 28 1260 1301 2256 2257
1742 28 1260 1302 2258 2259
1743 28 1261 1302 2260 2261
1744 30 1261 1310 2262 2263
1745 32 1262 1315 2129 2238
1746 54 1262 1351 2143 2221
1747 62 1263 1004 2158 2159
1748 62 1263 1357 2160 2161
1749 62 1264 1357 2162 2163
1750 62 1264 1365 2164 2165
1751 62 1265 1365 2350 2351
1752 62 1265 1427 2352 2353
1753 88 1266 1432 2169 2170
1754 110 1266 1475 2289 2290
1755 110 1267 1475 2291 2292
1756 110 1267 1476 2293 2294
1757 110 1268 1476 2295 2296
1758 110 1268 1477 2297 2298
1759 116 1269 1492 2307 2308
1760 116 1269 1492 2309 2310
1761 116 1270 1493 2311 2312
1762 116 1270 1493 2313 2314
1763 116 1271 1494 2315 2316
1764 116 1271 1494 2317 2318
1765 116 1272 1495 2319 2327
1766 116 1272 1495 2328 2329
1767 116 1273 1496 2330 2331
1768 116 1273 1496 2332 2333
1769 116 1274 1497 2334 2335
1770 116 1274 1497 2336 2337
1771 116 1275 1498 2350 2351
1772 116 1275 1498 2352 2353
1773 116 1276 1499 2415 2416
1774 136 1276 1596 2432 2433
1775 136 1277 1597 2434 2435
1776 136 1277 1597 2436 2437
1777 136 1278 1598 2438 2439
1778 136 1278 1598 2440 2441
1779 136 1279 1599 2442 2443
1780 136 1279 1599 2444 2445
1781 32 891 1310 2239 2240
1782 32 891 1311 2264 2265
1783 34 892 1315 2266 2267
1784 34 892 1332 2268 2269
1785 36 893 1334 2276 2277
1786 40 893 1388 2278 2279
1787 40 894 1388 2280 2281
1788 40 894 1389 2282 2283
1789 42 895 1337 2104 2131
1790 42 895 1391 2132 2284
1791 46 896 1412 2216 2217
1792 46 896 1412 2218 2219
1793 46 897 1413 2220 2245
1794 46 897 1413 2262 2287
1795 46 898 1414 2288 2289
1796 46 898 1414 2290 2291
1797 46 899 1415 2292 2293
1798 46 899 1415 2294 2295
1799 46 900 1416 2296 2297
1800 46 900 1416 2298 2299
1801 46 901 1417 2300 2301
1802 46 901 1417 2302 2303
1803 46 902 1418 2304 2305
1804 46 902 1418 2306 2307
1805 46 903 1419 2308 2309
1806 46 903 1419 2310 2311
1807 46 904 1420 2312 2313
1808 46 904 1420 2314 2315
1809 46 905 1421 2316 2317
1810 46 905 1421 2318 2319
1811 66 906 1436 2167 2354
1812 92 906 1459 2107 2108
1813 92 907 1459 2109 2110
1814 92 907 1460 2111 2397
1815 122 908 1532 2285 2286
1816 122 908 1532 2320 2321
1817 122 909 1533 2419 2420
1818 122 909 1533 2421 2422
1819 122 910 1534 2423 2424
1820 122 910 1534 2425 2426
1821 122 911 1535 2427 2428
1822 138 911 1600 2246 2247
1823 34 1328 1311 2270 2271
1824 54 912 1343 2222 2223
1825 54 913 1343 2224 2225
1826 54 913 1344 2226 2227
1827 54 914 1344 2228 2229
1828 54 914 1345 2230 2231
1829 54 915 1345 2232 2329
1830 54 915 1346 2330 2331
1831 54 1329 1346 2332 2333
1832 54 1329 1347 2334 2335
1833 54 1330 1347 2336 2337
1834 118 1330 1487 2417 2418
1835 48 1303 1391 2241 2320
1836 50 1303 1338 -1 -1
1837 60 1304 1323 2144 2145
1838 60 1304 1324 2146 2147
1839 60 1305 1324 2148 2149
1840 60 1305 1325 2150 2151
1841 132 1306 1521 2419 2420
1842 44 1312 1334 2285 2286
1843 48 1312 1389 2321 2322
1844 48 1313 1390 2323 2324
1845 48 1313 1390 2325 2326
1846 50 1314 1408 -1 -1
1847 60 1314 1350 2152 2153
1848 60 1331 1350 2154 2155
1849 148 1331 -1 2433 2434
1850 60 1332 1348 2156 2157
1851 60 1333 1348 2200 2201
1852 88 1333 1398 2171 2172
1853 88 1370 1399 2173 2174
1854 110 1370 1441 2299 2300
1855 110 1371 1441 2301 2302
1856 110 1371 1468 2303 2304
1857 50 1372 1376 -1 -1
1858 50 1372 1376 -1 -1
1859 50 1373 1377 -1 -1
1860 50 1373 1377 -1 -1
1861 50 1374 1378 -1 -1
1862 50 1374 1378 -1 -1
1863 88 1375 1379 2175 2176
1864 110 1375 1461 2305 2306
1865 84 1408 1436 2202 2396
1866 70 1338 1349 2355 2356
1867 136 1422 1488 2446 2447
1868 148 1422 1521 2435 2436
1869 148 1423 1538 2437 2438
1870 156 1423 1551 2455 2456
1871 156 1424 1551 2457 2458
1872 156 1424 1552 2459 2460
1873 156 1425 1552 2461 2462
1874 156 1425 1553 2463 2464
1875 74 1340 1349 2070 2357
1876 102 1340 1399 2071 2183
1877 102 1341 1400 2184 2185
1878 102 1341 1400 2186 2187
1879 102 1342 1401 2188 2189
1880 102 1342 1401 2190 2191
1881 102 1392 1454 2192 2193
1882 102 1392 1454 2413 2414
1883 88 1325 1355 2177 2178
1884 88 1326 1355 2179 2180
1885 88 1326 1395 2181 2182
1886 148 1327 1499 2439 2440
1887 148 1327 1500 2441 2442
1888 148 1393 1500 2443 2444
1889 148 1393 1501 2445 2446
1890 96 1351 1427 2087 2236
1891 96 1352 1428 2398 2399
1892 96 1352 1428 2400 2401
1893 96 1353 1429 2402 2403
1894 96 1353 1429 2404 2405
1895 96 1354 1430 2406 2407
1896 96 1354 1430 2408 2409
1897 96 1394 1431 2410 2411
1898 98 1395 1431 2233 2412
1899 136 1396 1437 2448 2449
1900 148 1396 1488 2447 2448
1901 148 1397 1437 2449 2454
1902 160 1397 1489 2417 2465
1903 188 1379 1168 2494 2495
1904 182 1455 1522 2455 2456
1905 188 1455 1553 2496 2497
1906 188 1456 1554 2498 2499
1907 188 1456 1554 2500 2501
1908 138 965 1364 2248 2249
1909 142 965 1406 2450 2451
1910 184 1358 1522 2487 2488
1911 184 1358 1523 2489 2490
1912 190 1359 1555 2473 2512
1913 190 1359 1555 2513 2514
1914 190 1360 1556 2515 2516
1915 190 1360 1556 2517 2518
1916 190 1361 1557 2519 2520
1917 190 1361 1557 2521 2522
1918 190 1362 1558 2523 2524
1919 190 1362 1558 2525 2526
1920 190 1363 1559 2527 2528
1921 190 1363 1559 2529 -1
1922 146 1364 1407 2452 2453
1923 192 1366 1560 2242 2471
1924 192 1366 1560 2472 2493
1925 192 1367 1561 2494 2495
1926 192 1367 1561 2496 2497
1927 192 1368 1562 2498 2499
1928 192 1368 1562 2500 2501
1929 192 1369 1563 2502 2503
1930 192 1369 1563 2504 2505
1931 192 1380 1564 2506 2507
1932 192 1380 1564 2508 2509
1933 192 1381 1565 2510 2511
1934 192 1381 1565 2530 2531
1935 192 1382 1566 2532 2533
1936 192 1382 1566 2534 2535
1937 192 1383 1567 2536
1938 194 1383 1169 2355 2452
1939 194 1438 1169 2453 2537
1940 194 1438 1170 2538 2539
1941 194 1457 1170 2540 2541
1942 194 1457 1171 2542 2543
1943 194 1467 1171 2544 2545
1944 194 1467 1172 2546 2547
1945 194 1458 1567 2548 2549
1946 174 1407 1473 2469 2470
1947 158 1432 1460 2465 2466
1948 172 1433 1463 2397 2468
1949 188 1433 1535 2502 2503
1950 166 1440 1026 2412 2467
1951 180 1440 1473 2357 2473
1952 182 1434 1474 2457 2458
1953 182 1434 1474 2459 2460
1954 182 1435 1510 2461 2462
1955 188 1435 1514 2504 2505
1956 182 1461 1491 2463 2464
1957 184 1470 1510 2491 2492
1958 188 1470 1489 2506 2507
1959 188 1490 1512 2508 2509
1960 188 1490 1512 2510 2511
1961 178 1468 1442 2471 2472
1962 210 1442 1099 2431 2556
1963 210 1443 1541 2557 2558
1964 210 1443 1541 2559 2560
1965 210 1444 1542 2561 2562
1966 212 1444 1568 2250 2251
1967 212 1445 1568 2252 2253
1968 212 1445 1569 2254 2255
1969 212 1446 1569 2256 2257
1970 212 1446 1570 2258 2259
1971 212 1447 1570 2260 2261
1972 212 1447 1571 2284 2354
1973 212 1448 1571 2429 2430
1974 212 1448 1572 2466 2530
1975 212 1507 1572 2531 2532
1976 212 1507 1573 2533 2534
1977 198 1449 1501 2234 2378
1978 198 1449 1502 2450 2468
1979 198 1450 1502 2550 2551
1980 198 1450 1503 2552 2553
1981 216 1451 1172 2413 2414
1982 216 1463 1573 2512 2579
1983 218 1464 1173 2537 2538
1984 218 1464 1173 2539 2540
1985 218 1465 1174 2541 2542
1986 218 1465 1174 2543 2544
1987 218 1466 1175 2545 2546
1988 198 1491 1513 2554 2555
1989 216 1477 1523 -1 -1
1990 222 1478 1574 2203 2398
1991 222 1478 1574 2399 2400
1992 222 1479 1575 2401 2402
1993 222 1479 1575 2403 2404
1994 222 1480 1576 2405 2406
1995 222 1480 1576 2407 2408
1996 222 1481 1577 2409 2410
1997 222 1481 1577 2411 2415
1998 222 1482 1578 2418 2550
1999 222 1482 1578 2551 2552
2000 222 1483 1579 2553 2554
2001 222 1483 1579 2555 2563
2002 222 1484 1580 2564 2565
2003 222 1484 1580 2566 2567
2004 222 1485 1581 2568 2569
2005 222 1485 1581 2570 2571
2006 222 1486 1582 2572 2573
2007 222 1486 1582 2574 2575
2008 230 1513 -1 2469 2470
2009 212 1514 1064 2535 2536
2010 214 1515 1536 2563 2564
2011 218 1515 1538 2547 2548
2012 214 1503 1064 2565 2566
2013 214 1504 1508 2567 2568
2014 214 1504 1508 2569 2570
2015 214 1505 1509 2571 2572
2016 214 1505 1509 2573 2574
2017 214 1506 1511 2575 2576
2018 214 1506 1511 2577 2578
2019 222 1516 1524 2580 2581
2020 226 1516 1542 2549 2582
2021 228 1520 1583 2451 2583
2022 232 1520 1600 2454 -1
2023 236 1536 1601 2583 2606
2024 234 753 1583 2263 2584
2025 234 754 1584 2586 2587
2026 234 754 1584 2588 2589
2027 234 755 1585 2590 2591
2028 234 755 1585 2592 2593
2029 234 1517 1586 2594 2595
2030 234 1517 1586 2596 2597
2031 234 1518 1587 2598 2599
2032 234 1518 1587 2600 2601
2033 234 1519 1588 2602 2603
2034 238 1519 1601 2194 2195
2035 230 1539 1524 2584 2585
2036 234 1539 1543 2604 2605
2037 242 1540 -1 2631 2632
2038 242 1540 -1 2633 2634
2039 236 1525 1543 2607 2608
2040 236 1525 1544 2609 2610
2041 236 1526 1544 2611 2612
2042 236 1526 1545 2613 2614
2043 236 1527 1545 2615 2616
2044 238 1527 1588 2196 2197
2045 238 1528 1589 2379 2467
2046 238 1528 1589 2617 2618
2047 238 1529 1590 2619 2620
2048 238 1529 1590 2621 2622
2049 238 1530 1591 2623 2624
2050 238 1530 1591 2625 2626
2051 238 1531 1592 2627 2628
2052 238 1531 1592 2629 2630
2053 246 1593 1175 2635 2636
2054 246 1593 1176 2637 2638
2055 246 1594 1176 2639 2640
2056 250 1594 -1 2578 2641
2057 250 1595 -1 2642 2643
2058 252 1177 -1 2649 2650
2059 252 1177 -1 2651 2652
2060 254 1602 -1 2556 2557
2061 254 1602 -1 2558 2559
2062 254 1603 -1 2560 2561
2063 254 1603 -1 2562 2644
2064 254 1604 -1 2645 2646
2065 254 1604 -1 2647 2648
2066 254 1605 -1 2649 2650
2067 254 1605 -1 2651 2652
2068 8 -1 620 -1 -1
2069 33 -1 1622 -1 -1
2070 37 -1 1875 -1 -1
2071 51 -1 1876 -1 -1
2072 8 1612 1637 -1 -1
2073 8 1612 1637 -1 -1
2074 8 1613 1638 -1 -1
2075 8 1613 1638 -1 -1
2076 8 1614 1639 -1 -1
2077 8 1614 1639 -1 -1
2078 8 1615 1640 -1 -1
2079 8 1615 1640 -1 -1
2080 8 1616 1641 -1 -1
2081 8 1616 1641 -1 -1
2082 8 1617 1642 -1 -1
2083 8 1617 1642 -1 -1
2084 8 1618 1247 -1 -1
2085 14 1618 1733 -1 -1
2086 14 1619 1280 -1 -1
2087 52 1619 1890 -1 -1
2088 26 1624 1654 -1 -1
2089 26 1624 1654 -1 -1
2090 26 1625 1655 -1 -1
2091 26 1625 1655 -1 -1
2092 26 1626 1656 -1 -1
2093 26 1626 1656 -1 -1
2094 26 1627 1657 -1 -1
2095 26 1627 1657 -1 -1
2096 26 1628 1658 -1 -1
2097 26 1628 1658 -1 -1
2098 26 1629 1659 -1 -1
2099 26 1629 1659 -1 -1
2100 26 1630 1660 -1 -1
2101 26 1630 1660 -1 -1
2102 26 1631 1661 -1 -1
2103 26 1631 1661 -1 -1
2104 26 1632 1789 -1 -1
2105 51 1632 1636 -1 -1
2106 51 1633 1636 -1 -1
2107 51 1633 1812 -1 -1
2108 51 1634 1812 -1 -1
2109 51 1634 1813 -1 -1
2110 51 1635 1813 -1 -1
2111 51 1635 1814 -1 -1
2112 14 1247 621 -1 -1
2113 14 1248 621 -1 -1
2114 14 1248 622 -1 -1
2115 14 1249 622 -1 -1
2116 14 1249 623 -1 -1
2117 14 1250 623 -1 -1
2118 14 1250 624 -1 -1
2119 14 1251 624 -1 -1
2120 14 1251 625 -1 -1
2121 14 1252 625 -1 -1
2122 14 1252 626 -1 -1
2123 14 1253 626 -1 -1
2124 14 1253 627 -1 -1
2125 14 1254 627 -1 -1
2126 14 1254 628 -1 -1
2127 14 1620 628 -1 -1
2128 14 1620 629 -1 -1
2129 24 629 1745 -1 -1
2130 26 630 1306 -1 -1
2131 29 630 1789 -1 -1
2132 29 631 1790 -1 -1
2133 33 631 1662 -1 -1
2134 33 632 1662 -1 -1
2135 33 632 1663 -1 -1
2136 33 633 1663 -1 -1
2137 33 633 1664 -1 -1
2138 33 634 1664 -1 -1
2139 33 634 1665 -1 -1
2140 33 635 1665 -1 -1
2141 33 635 1666 -1 -1
2142 33 636 1666 -1 -1
2143 35 636 1746 -1 -1
2144 38 637 1837 -1 -1
2145 38 637 1837 -1 -1
2146 38 638 1838 -1 -1
2147 38 638 1838 -1 -1
2148 38 639 1839 -1 -1
2149 38 639 1839 -1 -1
2150 38 640 1840 -1 -1
2151 38 640 1840 -1 -1
2152 38 641 1847 -1 -1
2153 38 641 1847 -1 -1
2154 38 642 1848 -1 -1
2155 38 642 1848 -1 -1
2156 38 643 1850 -1 -1
2157 38 643 1850 -1 -1
2158 39 644 1747 -1 -1
2159 39 644 1747 -1 -1
2160 39 645 1748 -1 -1
2161 39 645 1748 -1 -1
2162 39 646 1749 -1 -1
2163 39 646 1749 -1 -1
2164 39 647 1750 -1 -1
2165 39 647 1750 -1 -1
2166 41 648 1622 -1 -1
2167 41 648 1811 -1 -1
2168 52 649 1394 -1 -1
2169 52 649 1753 -1 -1
2170 52 650 1753 -1 -1
2171 52 650 1852 -1 -1
2172 52 651 1852 -1 -1
2173 52 651 1853 -1 -1
2174 52 652 1853 -1 -1
2175 52 652 1863 -1 -1
2176 52 653 1863 -1 -1
2177 52 653 1883 -1 -1
2178 52 654 1883 -1 -1
2179 52 654 1884 -1 -1
2180 52 655 1884 -1 -1
2181 52 655 1885 -1 -1
2182 52 656 1885 -1 -1
2183 59 656 1876 -1 -1
2184 59 657 1877 -1 -1
2185 59 657 1877 -1 -1
2186 59 658 1878 -1 -1
2187 59 658 1878 -1 -1
2188 59 659 1879 -1 -1
2189 59 659 1879 -1 -1
2190 59 660 1880 -1 -1
2191 59 660 1880 -1 -1
2192 59 661 1881 -1 -1
2193 59 661 1881 -1 -1
2194 127 662 2034 -1 -1
2195 127 662 2034 -1 -1
2196 127 663 2044 -1 -1
2197 127 663 2044 -1 -1
2198 132 664 1178 -1 -1
2199 132 664 1178 -1 -1
2200 39 1621 1851 -1 -1
2201 39 1621 1851 -1 -1
2202 51 1643 1865 -1 -1
2203 120 1643 1990 -1 -1
2204 24 1280 1647 -1 -1
2205 24 1281 1647 -1 -1
2206 24 1281 1648 -1 -1
2207 24 1282 1648 -1 -1
2208 29 1282 1649 -1 -1
2209 29 1283 1649 -1 -1
2210 29 1283 1650 -1 -1
2211 29 1284 1650 -1 -1
2212 29 1284 1651 -1 -1
2213 29 1285 1651 -1 -1
2214 29 1285 1652 -1 -1
2215 29 1286 1652 -1 -1
2216 33 1286 1791 -1 -1
2217 33 1287 1791 -1 -1
2218 33 1287 1792 -1 -1
2219 33 1288 1792 -1 -1
2220 33 1288 1793 -1 -1
2221 37 1289 1746 -1 -1
2222 37 1289 1824 -1 -1
2223 37 1290 1824 -1 -1
2224 37 1290 1825 -1 -1
2225 37 1291 1825 -1 -1
2226 37 1291 1826 -1 -1
2227 37 1292 1826 -1 -1
2228 37 1292 1827 -1 -1
2229 37 1293 1827 -1 -1
2230 37 1293 1828 -1 -1
2231 37 1294 1828 -1 -1
2232 37 1294 1829 -1 -1
2233 59 1295 1898 -1 -1
2234 109 1295 1977 -1 -1
2235 24 1732 1644 -1 -1
2236 59 1732 1890 -1 -1
2237 26 1733 1734 -1 -1
2238 29 1644 1745 -1 -1
2239 29 1645 1781 -1 -1
2240 29 1645 1781 -1 -1
2241 37 1646 1835 -1 -1
2242 109 1646 1923 -1
2243 33 1734 1653 -1 -1
2244 33 1735 1653 -1 -1
2245 37 1735 1793 -1 -1
2246 83 1736 1822 -1 -1
2247 83 1736 1822 -1 -1
2248 83 1737 1908 -1 -1
2249 83 1737 1908 -1 -1
2250 120 1738 1966 -1 -1
2251 120 1738 1966 -1 -1
2252 120 1739 1967 -1 -1
2253 120 1739 1967 -1 -1
2254 120 1740 1968 -1 -1
2255 120 1740 1968 -1 -1
2256 120 1741 1969 -1 -1
2257 120 1741 1969 -1 -1
2258 120 1742 1970 -1 -1
2259 120 1742 1970 -1 -1
2260 120 1743 1971 -1 -1
2261 120 1743 1971 -1 -1
2262 38 1744 1794 -1 -1
2263 132 1744 2024 -1 -1
2264 81 1782 1703 -1 -1
2265 81 1782 1703 -1 -1
2266 83 1783 1713 -1 -1
2267 83 1783 1713 -1 -1
2268 83 1784 1714 -1 -1
2269 83 1784 1714 -1 -1
2270 83 1823 1715 -1 -1
2271 83 1823 1715 -1 -1
2272 83 1307 1704 -1 -1
2273 83 1307 1704 -1 -1
2274 83 1308 1705 -1 -1
2275 83 1308 1705 -1 -1
2276 83 1785 1706 -1 -1
2277 83 1785 1706 -1 -1
2278 85 1786 1707 -1 -1
2279 85 1786 1707 -1 -1
2280 85 1787 1708 -1 -1
2281 85 1787 1708 -1 -1
2282 85 1788 1709 -1 -1
2283 85 1788 1709 -1 -1
2284 127 1790 1972 -1 -1
2285 83 1842 1815 -1 -1
2286 83 1842 1815 -1 -1
2287 78 1794 1702 -1 -1
2288 78 1795 1702 -1 -1
2289 78 1795 1754 -1 -1
2290 78 1796 1754 -1 -1
2291 78 1796 1755 -1 -1
2292 78 1797 1755 -1 -1
2293 78 1797 1756 -1 -1
2294 78 1798 1756 -1 -1
2295 78 1798 1757 -1 -1
2296 78 1799 1757 -1 -1
2297 78 1799 1758 -1 -1
2298 78 1800 1758 -1 -1
2299 78 1800 1854 -1 -1
2300 78 1801 1854 -1 -1
2301 78 1801 1855 -1 -1
2302 78 1802 1855 -1 -1
2303 78 1802 1856 -1 -1
2304 78 1803 1856 -1 -1
2305 78 1803 1864 -1 -1
2306 78 1804 1864 -1 -1
2307 81 1804 1759 -1 -1
2308 81 1805 1759 -1 -1
2309 81 1805 1760 -1 -1
2310 81 1806 1760 -1 -1
2311 81 1806 1761 -1 -1
2312 81 1807 1761 -1 -1
2313 81 1807 1762 -1 -1
2314 81 1808 1762 -1 -1
2315 81 1808 1763 -1 -1
2316 81 1809 1763 -1 -1
2317 81 1809 1764 -1 -1
2318 81 1810 1764 -1 -1
2319 81 1810 1765 -1 -1
2320 85 1835 1816 -1 -1
2321 85 1843 1816 -1 -1
2322 89 1843 1710 -1 -1
2323 89 1844 1710 -1 -1
2324 89 1844 1711 -1 -1
2325 89 1845 1711 -1 -1
2326 89 1845 1712 -1 -1
2327 83 1667 1765 -1 -1
2328 83 1667 1766 -1 -1
2329 85 1829 1766 -1 -1
2330 85 1830 1767 -1 -1
2331 85 1830 1767 -1 -1
2332 85 1831 1768 -1 -1
2333 85 1831 1768 -1 -1
2334 85 1832 1769 -1 -1
2335 85 1832 1769 -1 -1
2336 85 1833 1770 -1 -1
2337 85 1833 1770 -1 -1
2338 94 1677 1716 -1 -1
2339 94 1677 1716 -1 -1
2340 94 1678 1717 -1 -1
2341 94 1678 1717 -1 -1
2342 94 1679 1718 -1 -1
2343 94 1679 1718 -1 -1
2344 94 1680 1719 -1 -1
2345 94 1680 1719 -1 -1
2346 94 1681 1720 -1 -1
2347 94 1681 1720 -1 -1
2348 94 1682 1721 -1 -1
2349 94 1682 1721 -1 -1
2350 89 1751 1771 -1 -1
2351 89 1751 1771 -1 -1
2352 89 1752 1772 -1 -1
2353 89 1752 1772 -1 -1
2354 139 1811 1972 -1 -1
2355 132 1866 1938 -1 -1
2356 159 1866 1179 -1 -1
2357 127 1875 1951 -1 -1
2358 106 1683 1722 -1 -1
2359 106 1683 1722 -1 -1
2360 106 1684 1723 -1 -1
2361 106 1684 1723 -1 -1
2362 106 1685 1724 -1 -1
2363 106 1685 1724 -1 -1
2364 106 1686 1725 -1 -1
2365 106 1686 1725 -1 -1
2366 106 1687 1726 -1 -1
2367 106 1687 1726 -1 -1
2368 106 1688 1727 -1 -1
2369 106 1688 1727 -1 -1
2370 106 1689 1728 -1 -1
2371 106 1689 1728 -1 -1
2372 106 1690 1729 -1 -1
2373 106 1690 1729 -1 -1
2374 106 1691 1730 -1 -1
2375 106 1691 1730 -1 -1
2376 106 1692 1731 -1 -1
2377 106 1692 1731 -1 -1
2378 139 1693 1977 -1 -1
2379 159 1693 2045 -1 -1
2380 164 1694 1179 -1 -1
2381 164 1694 1180 -1 -1
2382 164 1695 1180 -1 -1
2383 164 1695 1181 -1 -1
2384 164 1696 1181 -1 -1
2385 164 1696 1182 -1 -1
2386 164 1697 1182 -1 -1
2387 164 1697 1183 -1 -1
2388 164 1698 1183 -1 -1
2389 164 1698 1184 -1 -1
2390 164 1699 1184 -1 -1
2391 164 1699 1185 -1 -1
2392 164 1700 1185 -1 -1
2393 164 1700 1186 -1 -1
2394 164 1701 1186 -1 -1
2395 164 1701 1187 -1 -1
2396 164 1865 1595 -1 -1
2397 132 1814 1948 -1 -1
2398 159 1891 1990 -1 -1
2399 159 1891 1991 -1 -1
2400 159 1892 1991 -1 -1
2401 159 1892 1992 -1 -1
2402 159 1893 1992 -1 -1
2403 159 1893 1993 -1 -1
2404 159 1894 1993 -1 -1
2405 159 1894 1994 -1 -1
2406 159 1895 1994 -1 -1
2407 159 1895 1995 -1 -1
2408 159 1896 1995 -1 -1
2409 159 1896 1996 -1 -1
2410 159 1897 1996 -1 -1
2411 159 1897 1997 -1 -1
2412 132 1898 1950 -1 -1
2413 159 1882 1981 -1 -1
2414 159 1882 1981 -1 -1
2415 169 1773 1997 -1 -1
2416 182 1773 1187 -1 -1
2417 139 1834 1902 -1 -1
2418 170 1834 1998 -1 -1
2419 127 1817 1841 -1 -1
2420 127 1817 1841 -1 -1
2421 185 1818 1188 -1 -1
2422 185 1818 1188 -1 -1
2423 185 1819 1189 -1 -1
2424 185 1819 1189 -1 -1
2425 185 1820 1190 -1 -1
2426 185 1820 1190 -1 -1
2427 185 1821 1191 -1 -1
2428 185 1821 1191 -1 -1
2429 169 1623 1973 -1 -1
2430 169 1623 1973 -1 -1
2431 170 1712 1962 -1 -1
2432 142 1774 1406 -1 -1
2433 142 1774 1849 -1 -1
2434 142 1775 1849 -1 -1
2435 142 1775 1868 -1 -1
2436 142 1776 1868 -1 -1
2437 142 1776 1869 -1 -1
2438 142 1777 1869 -1 -1
2439 142 1777 1886 -1 -1
2440 142 1778 1886 -1 -1
2441 142 1778 1887 -1 -1
2442 142 1779 1887 -1 -1
2443 142 1779 1888 -1 -1
2444 142 1780 1888 -1 -1
2445 142 1780 1889 -1 -1
2446 142 1867 1889 -1 -1
2447 142 1867 1900 -1 -1
2448 142 1899 1900 -1 -1
2449 142 1899 1901 -1 -1
2450 170 1909 1978 -1 -1
2451 185 1909 2021 -1 -1
2452 170 1922 1938 -1 -1
2453 170 1922 1939 -1 -1
2454 190 1901 2022 -1 -1
2455 169 1870 1904 -1 -1
2456 169 1870 1904 -1 -1
2457 169 1871 1952 -1 -1
2458 169 1871 1952 -1 -1
2459 169 1872 1953 -1 -1
2460 169 1872 1953 -1 -1
2461 169 1873 1954 -1 -1
2462 169 1873 1954 -1 -1
2463 169 1874 1956 -1 -1
2464 169 1874 1956 -1 -1
2465 159 1947 1902 -1 -1
2466 185 1947 1974 -1 -1
2467 202 1950 2045 -1 -1
2468 185 1948 1978 -1 -1
2469 202 1946 2008 -1 -1
2470 202 1946 2008 -1 -1
2471 185 1961 1923 -1 -1
2472 185 1961 1924 -1 -1
2473 185 1951 1912 -1 -1
2474 216 1451 1192 -1 -1
2475 216 1452 1192 -1 -1
2476 216 1452 1193 -1 -1
2477 216 1453 1193 -1 -1
2478 216 1453 1194 -1 -1
2479 216 1462 1194 -1 -1
2480 216 1462 1195 -1 -1
2481 216 1469 1195 -1 -1
2482 216 1469 1196 -1 -1
2483 216 1471 1196 -1 -1
2484 216 1471 1197 -1 -1
2485 216 1472 1197 -1 -1
2486 216 1472 1198 -1 -1
2487 216 1910 1198 -1 -1
2488 216 1910 1199 -1 -1
2489 216 1911 1199 -1 -1
2490 216 1911 1200 -1 -1
2491 216 1957 1200 -1 -1
2492 216 1957 1201 -1 -1
2493 190 1466 1924 -1 -1
2494 190 1903 1925 -1 -1
2495 190 1903 1925 -1 -1
2496 190 1905 1926 -1 -1
2497 190 1905 1926 -1 -1
2498 190 1906 1927 -1 -1
2499 190 1906 1927 -1 -1
2500 190 1907 1928 -1 -1
2501 190 1907 1928 -1 -1
2502 190 1949 1929 -1 -1
2503 190 1949 1929 -1 -1
2504 190 1955 1930 -1 -1
2505 190 1955 1930 -1 -1
2506 190 1958 1931 -1 -1
2507 190 1958 1931 -1 -1
2508 190 1959 1932 -1 -1
2509 190 1959 1932 -1 -1
2510 190 1960 1933 -1 -1
2511 190 1960 1933 -1 -1
2512 203 1912 1982 -1 -1
2513 219 1913 1201 -1 -1
2514 219 1913 1202 -1 -1
2515 219 1914 1202 -1 -1
2516 219 1914 1203 -1 -1
2517 219 1915 1203 -1 -1
2518 219 1915 1204 -1 -1
2519 219 1916 1204 -1 -1
2520 219 1916 1205 -1 -1
2521 219 1917 1205 -1 -1
2522 219 1917 1206 -1 -1
2523 219 1918 1206 -1 -1
2524 219 1918 1207 -1 -1
2525 219 1919 1207 -1 -1
2526 219 1919 1208 -1 -1
2527 219 1920 1208 -1 -1
2528 219 1920 1209 -1 -1
2529 219 1921 1209 -1 -1
2530 202 1934 1974 -1 -1
2531 202 1934 1975 -1 -1
2532 202 1935 1975 -1 -1
2533 202 1935 1976 -1 -1
2534 202 1936 1976 -1 -1
2535 202 1936 2009 -1 -1
2536 202 1937 2009 -1 -1
2537 206 1939 1983 -1 -1
2538 206 1940 1983 -1 -1
2539 206 1940 1984 -1 -1
2540 206 1941 1984 -1 -1
2541 206 1941 1985 -1 -1
2542 206 1942 1985 -1 -1
2543 206 1942 1986 -1 -1
2544 206 1943 1986 -1 -1
2545 206 1943 1987 -1 -1
2546 206 1944 1987 -1 -1
2547 206 1944 2011 -1 -1
2548 206 1945 2011 -1 -1
2549 210 1945 2020 -1 -1
2550 210 1979 1998 -1 -1
2551 210 1979 1999 -1 -1
2552 210 1980 1999 -1 -1
2553 210 1980 2000 -1 -1
2554 210 1988 2000 -1 -1
2555 210 1988 2001 -1 -1
2556 232 1962 2060 -1 -1
2557 232 1963 2060 -1 -1
2558 232 1963 2061 -1 -1
2559 232 1964 2061 -1 -1
2560 232 1964 2062 -1 -1
2561 232 1965 2062 -1 -1
2562 232 1965 2063 -1 -1
2563 218 2010 2001 -1 -1
2564 218 2010 2002 -1 -1
2565 218 2012 2002 -1 -1
2566 218 2012 2003 -1 -1
2567 218 2013 2003 -1 -1
2568 218 2013 2004 -1 -1
2569 218 2014 2004 -1 -1
2570 218 2014 2005 -1 -1
2571 218 2015 2005 -1 -1
2572 218 2015 2006 -1 -1
2573 218 2016 2006 -1 -1
2574 218 2016 2007 -1 -1
2575 218 2017 2007 -1 -1
2576 219 2017 1537 -1 -1
2577 219 2018 1537 -1 -1
2578 232 2018 2056 -1 -1
2579 232 1982 1210 -1 -1
2580 235 2019 1210 -1 -1
2581 235 2019 1211 -1 -1
2582 241 2020 -1 -1 -1
2583 232 2021 2023 -1 -1
2584 232 2035 2024 -1 -1
2585 243 2035 -1 -1 -1
2586 241 2025 1211 -1 -1
2587 241 2025 1212 -1 -1
2588 241 2026 1212 -1 -1
2589 241 2026 1213 -1 -1
2590 241 2027 1213 -1 -1
2591 241 2027 1214 -1 -1
2592 241 2028 1214 -1 -1
2593 241 2028 1215 -1 -1
2594 241 2029 1215 -1 -1
2595 241 2029 1216 -1 -1
2596 241 2030 1216 -1 -1
2597 241 2030 1217 -1 -1
2598 241 2031 1217 -1 -1
2599 241 2031 1218 -1 -1
2600 241 2032 1218 -1 -1
2601 241 2032 1219 -1 -1
2602 241 2033 1219 -1 -1
2603 243 2033 1606 -1 -1
2604 243 2036 1606 -1 -1
2605 243 2036 1607 -1 -1
2606 242 2023 1220 -1 -1
2607 242 2039 1220 -1 -1
2608 242 2039 1221 -1 -1
2609 242 2040 1221 -1 -1
2610 242 2040 1222 -1 -1
2611 242 2041 1222 -1 -1
2612 242 2041 1223 -1 -1
2613 242 2042 1223 -1 -1
2614 242 2042 1224 -1 -1
2615 242 2043 1224 -1 -1
2616 242 2043 1225 -1 -1
2617 243 2046 1225 -1 -1
2618 243 2046 1226 -1 -1
2619 243 2047 1226 -1 -1
2620 243 2047 1227 -1 -1
2621 243 2048 1227 -1 -1
2622 243 2048 1228 -1 -1
2623 243 2049 1228 -1 -1
2624 243 2049 1229 -1 -1
2625 243 2050 1229 -1 -1
2626 243 2050 1230 -1 -1
2627 243 2051 1230 -1 -1
2628 243 2051 1231 -1 -1
2629 247 2052 -1 -1 -1
2630 247 2052 -1 -1 -1
2631 247 2037 1607 -1 -1
2632 247 2037 1608 -1 -1
2633 247 2038 1608 -1 -1
2634 247 2038 1609 -1 -1
2635 251 2053 -1 -1 -1
2636 251 2053 -1 -1 -1
2637 251 2054 -1 -1 -1
2638 251 2054 -1 -1 -1
2639 251 2055 -1 -1 -1
2640 251 2055 -1 -1 -1
2641 249 1231 2056 -1 -1
2642 253 2057 -1 -1 -1
2643 253 2057 -1 -1 -1
2644 253 1609 2063 -1 -1
2645 253 1610 2064 -1 -1
2646 253 1610 2064 -1 -1
2647 253 1611 2065 -1 -1
2648 253 1611 2065 -1 -1
2649 253 2058 2066 -1 -1
2650 253 2058 2066 -1 -1
2651 253 2059 2067 -1 -1
2652 253 2059 2067 -1 -1